1005
1006
1007
1008
1018
1022
1023
1024
1025
1027
1031
1035
1106
1107
1146
1157
1158
1161
1162
1163
1170
1171
1180
1183
1184
1186
1187
1191
1195
1198
1199
1200
1202
1203
1204
1205
1206
1208
1210
1211
1212
1214
1215
1220
1221
1222
1225
1227
1232
1235
1237
1248
1264
1280
1289
1302
1308
1320
1325
1335
1336
1357
1379
1389
1397
1415
1416
1456
1462
1463
1464
1467
1491
1496
1497
1501
1508
1519
1520
1530
1533
1550
1561
1562
1565
1566
1571
1581
1583
1580
1589
1590
1591
1593
1594
1603
1612
1613
1614
1616
1617
1623
1626
1655
1656
1659
1660
1661
1666
1676
1678
1687
1688
1691
1692
1695
1696
1699
1700
1702
1703
1706
1708
1710
1719
1724
1730
1734
1742
1751
1760
1767
1770
1777
1787
1788
1790
1791
1792
1793
1794
1795
1796
1803
1804
1808
1810
1819
1883
1919
2119
3011
3085
